>MA0260.1	che-1
A  [     0     37     37     19      0      0 ]
C  [     0      0      0      0     37     26 ]
G  [    37      0      0     18      0     11 ]
T  [     0      0      0      0      0      0 ]
>MA0261.1	lin-14
A  [     0    159    159      0     84      6 ]
C  [     0      0      0    159      7     84 ]
G  [   159      0      0      0     56     29 ]
T  [     0      0      0      0     12     39 ]
>MA0262.1	mab-3
A  [    76     86      0      0      0      0      0      0     13     62     50     29      8 ]
C  [     3      0      1      0      0      0      0    100     19      0      0     13      8 ]
G  [    13      0      0    100      0      0    100      0     67     11      6     22     10 ]
T  [     8     14     99      0    100    100      0      0      1     27     44     36     74 ]
>MA0263.1	ceh-10::ttx-3
A  [    28      0      1      9      0      2      3      1     14      4      0      0     24     15 ]
C  [     0      0      0      0      0     16      5      5     15      3      0      2      1      0 ]
G  [     1      1      0     20     28      1      1      0      0     22      0      0      0      9 ]
T  [     0     28     28      0      1     10     20     23      0      0     29     27      4      5 ]
>MA0537.1	blmp-1
A  [  1909   3092   2926   3216    842   1157      0   3368   2129   3081   1745 ]
C  [     0      0      0      0      0    335      0      0      0      0    128 ]
G  [  1459    266    442    152   2060    548   3368      0   1086    254   1383 ]
T  [     0     10      0      0    466   1328      0      0    153     33    112 ]
>MA0542.1	elt-3
A  [     0      0      0      0    722      0      0    722 ]
C  [   108    432      0      0      0      0    722      0 ]
G  [     0    124      0      0      0      0      0      0 ]
T  [   614    166    722    722      0    722      0      0 ]
>MA0544.1	snpc-4
A  [    90      3      0      2      3      8      4     12      0     10      0     39 ]
C  [     7     34      0      2    305     12      2    256    179      0    293     65 ]
G  [   175      3    310      0      0    278    299     15     30    296      1     37 ]
T  [    38    270      0    306      2     12      5     27    101      4     16    169 ]
>MA0546.1	pha-4
A  [   585    534    537     41      0    862   1010   1010      0   1010 ]
C  [    71      0      0      0    407    148      0      0    623      0 ]
G  [     0    471     79    969      0      0      0      0      0      0 ]
T  [   354      5    394      0    603      0      0      0    387      0 ]
>MA0922.1	ces-2
A  [   990      2    167    995      2    498      2    995    990 ]
C  [     3      2      2      2    664      2    167      2      3 ]
G  [     3      2      2      2      2    498      2      2      3 ]
T  [     3    995    829      2    333      2    829      2      3 ]
>MA0924.1	pal-1
A  [    91      1    921    998      1    538    998    886 ]
C  [     1    308     77      1      1      1      1    112 ]
G  [   907      1      1      1      1      1      1      1 ]
T  [     1    691      1      1    998    461      1      1 ]
>MA0926.1	unc-86
A  [   499      1    997      1      1     91    997      1 ]
C  [     1      1      1      1      1    907      1      1 ]
G  [   250      1      1     91    907      1      1      1 ]
T  [   250    997      1    907     91      1      1    996 ]
>MA0927.1	vab-7
A  [   212     18    787    992      0      8    894    613 ]
C  [   600    117    165      8     24     24      0    227 ]
G  [   153      0     32      0      8    136     97     53 ]
T  [    35    865     16      0    969    832      9    107 ]
>MA1440.1	fkh-9
A  [   527    809    655    983    999     47    968    574 ]
C  [   236     16     93     15      0    780      0     75 ]
G  [   236      0      0      0      0      0      0     75 ]
T  [     0    174    250      0      0    171     31    274 ]
>MA1442.1	mab-5
A  [   783     78     34    999    982     35     80    761 ]
C  [    81     98     34      0      0      0     20      0 ]
G  [    81     39      0      0      0     17     60    190 ]
T  [    54    783    931      0     16    946    839     47 ]
>MA1445.1	ceh-28
A  [  2430   2544   4955      0     17      0   4956      0   1970   1771 ]
C  [   480    210      1      3   4941      0      0      2    237    275 ]
G  [   278    237      2      0      0   4944      2      1    207    482 ]
T  [  1770   1967      0   4955      0     14      0   4955   2544   2430 ]
>MA1448.1	fos-1
A  [     4      4    985      4      4      4    985 ]
C  [     4      4      4    985      4    985      4 ]
G  [     4    985      4      4      4      4      4 ]
T  [   985      4      4      4    985      4      4 ]
>MA1451.1	nhr-6
A  [   990    990    990      3      3      3      3    985 ]
C  [     3      3      3      3      3      3    990      4 ]
G  [     3      3      3    661    990      3      3      4 ]
T  [     3      3      3    332      3    990      3      4 ]
>MA2127.1	atf-2
A  [    65     31    424     25     49      0    884    942     31 ]
C  [    42     73     34    653     21    608     36     48    276 ]
G  [    19    369    460     87    911      0     74      4    134 ]
T  [   872    524     80    233     17    391      5      4    557 ]
>MA2128.1	ceh-18
A  [    32    103    191    911      0    999    552    116 ]
C  [    32      0    738     45      0      0     27     77 ]
G  [    32    871      0      0      0      0     27     39 ]
T  [   905     26     72     45    999      0    395    768 ]
>MA2129.1	ceh-23
A  [   100    843    923     30     73    601 ]
C  [   101     17     14     28     18     17 ]
G  [    33     67      7     32     99    323 ]
T  [   764     72     54    908    808     56 ]
>MA2130.1	dmd-10
A  [   768    646     48      0      0      0      0      1 ]
C  [    77     59     48      0      0      0      0    998 ]
G  [    77     59      0    999      0      0    182      1 ]
T  [    77    235    904      0    999    999    817      1 ]
>MA2131.1	egl-38
A  [   971     10     10      5      5      5    985      5     10    971     10 ]
C  [    10    971    971      5      5      5      5    495    971     10    971 ]
G  [    10     10     10    985      5    985      5      5     10     10     10 ]
T  [    10     10     10      5    985      5      5    495     10     10     10 ]
>MA2132.1	egrh-1
A  [    42    133      0      0      0    575      0    167 ]
C  [   916    233    999    999    969    333    999     84 ]
G  [     0    566      0      0      0     91      0    666 ]
T  [    42     67      0      0     31      0      0     84 ]
>MA2133.1	elt-7
A  [    48     25    999      0    897    999     78 ]
C  [    48     25      0      0      0      0    577 ]
G  [    48    923      0      0      0      0    266 ]
T  [   854     25      0    999    101      0     78 ]
>MA2134.1	end-3
A  [   495     66    886     83    894    645 ]
C  [   184     49      1     37     10     71 ]
G  [    36    825     50      7      2    185 ]
T  [   283     58     60    872     92     97 ]
>MA2135.1	jun-1
A  [   602      0      0    999     55     55    207    999 ]
C  [   107     55      0      0    865      0    791      0 ]
G  [   182      0    999      0      0    194      0      0 ]
T  [   107    943      0      0     78    749      0      0 ]
>MA2136.1	klf-3
A  [   522      8    193      3      2      1 ]
C  [   361    985      3    999    992    806 ]
G  [    59      0    729      3      4      3 ]
T  [    56      6     76      0      0    189 ]
>MA2137.1	klu-1
A  [     0    244      0     19      0    519      0 ]
C  [   999    122    999    980    980    346    999 ]
G  [     0    428      0      0      0     38      0 ]
T  [     0    204      0      0     19     96      0 ]
>MA2138.1	klu-2
A  [    50     13     42    486      8    126     84 ]
C  [   930    943    742    423    958    112    641 ]
G  [     8     40     17     24     13    545     74 ]
T  [     9      2    198     65     19    215    199 ]
>MA2139.1	let-381
A  [   597      2    995    995    995      2    995    745 ]
C  [     2      2      2      2      2    995      2      2 ]
G  [   399      2      2      2      2      2      2      2 ]
T  [     2    995      2      2      2      2      2    250 ]
>MA2140.1	lin-31
A  [   243    215    151    919    922    999      0    882 ]
C  [    86     60     76     80     76      0    668     39 ]
G  [    86    664      0      0      0      0      0     39 ]
T  [   584     60    772      0      0      0    331     39 ]
>MA2141.1	lin-48
A  [     0      0      0      0      0    998      0 ]
C  [   998    998      0      0      0      0    368 ]
G  [     0      0    998      0      0      0    210 ]
T  [     0      0      0    998    998      0    420 ]
>MA2142.1	nhr-142
A  [   500     33     97      0    999      0    999    636 ]
C  [     0      0      0    999      0    838      0    137 ]
G  [   400    967      0      0      0      0      0    182 ]
T  [   100      0    902      0      0    161      0     46 ]
>MA2144.1	nhr-5
A  [   578    627    629      0     90    729      0    721    109 ]
C  [   140     40    116      0      0      0    999     24    581 ]
G  [   140    292     20    999      0    173      0    229    199 ]
T  [   140     40    233      0    909     96      0     24    109 ]
>MA2145.1	nhr-70
A  [   101     34     54      9    950     25     28     80    169 ]
C  [   147     46     23      5      1     67    618    612     49 ]
G  [   132      6    886      6     27    867     33    132    308 ]
T  [   618    912     35    979     20     39    319    173    473 ]
>MA2146.1	nhr-86
A  [     3      2      2      2    993      2      2      3 ]
C  [     3      2      2      2      2      2      2    990 ]
G  [   661      2    993      2      2    993      2      3 ]
T  [   332    993      2    993      2      2    993      3 ]
>MA2147.1	nsy-7
A  [     0      0    861    924      0      0 ]
C  [   145      0    107      0     15      0 ]
G  [    18    107      0     75    893   1000 ]
T  [   836    892     30      0     90      0 ]
>MA2148.1	odd-2
A  [     0      0      0    893      0      0      0     98 ]
C  [     0    999      0      0    999    504      0     98 ]
G  [   999      0      0      0      0      0    999    286 ]
T  [     0      0    999    106      0    495      0    516 ]
>MA2149.1	odr-7
A  [   637      0      0      0      0    999     21 ]
C  [    21      0      0      0      0      0     21 ]
G  [    21      0      0    999      0      0    741 ]
T  [   319    999    999      0    999      0    214 ]
>MA2150.1	pag-3
A  [   927    980     27     25    424 ]
C  [     4      0     19    924    102 ]
G  [     5      5     16     30     65 ]
T  [    63     13    936     19    407 ]
>MA2151.1	pax-2
A  [     1     20    227      2    182    881    114     97 ]
C  [   361    862     38     66     72     38    857    243 ]
G  [   633     50    677    129    668     33     26    606 ]
T  [     2     66     55    801     76     45      1     52 ]
>MA2152.1	ref-1
A  [   667      0    944      0      0      0      0      0 ]
C  [   250   1000      0   1000      0      0      0    583 ]
G  [    83      0     56      0   1000      0   1000    333 ]
T  [     0      0      0      0      0   1000      0     83 ]
>MA2153.1	sex-1
A  [   499    946      1      1      1      1    998    454 ]
C  [     1      1      1      1      1    998      1    363 ]
G  [   499     53    998    998      1      1      1      1 ]
T  [     1      1      1      1    998      1      1    182 ]
>MA2154.1	snai-1
A  [     1    996      1      1      1      1      1 ]
C  [   996      1    996    996      1      1      1 ]
G  [     1      1      1      1      1    996      1 ]
T  [     1      1      1      1    996      1    996 ]
>MA2155.1	sptf-3
A  [   570      0     85      0      0      0    217 ]
C  [   429    999      0    999    999    999    667 ]
G  [     0      0    913      0      0      0     20 ]
T  [     0      0      0      0      0      0     94 ]
>MA2156.1	xbp-1
A  [   304      0    999      0     22     22     66 ]
C  [   162    138      0    999     22     22    183 ]
G  [    24    284      0      0    933     22    684 ]
T  [   507    576      0      0     22    933     66 ]
>MA2157.1	atfs-1
A  [   288      7     23    343     10     16     31    349    339    202 ]
C  [    30     11     14      4     39      7    326     18     14     44 ]
G  [    42      7    321     14     10    345      7      5     11     28 ]
T  [    16    351     18     15    317      8     12      4     12    102 ]
>MA2158.1	ceh-14
A  [   228     78   1561   1627     45     56   1547   1161 ]
C  [   214     54     41     15     23     52     31    107 ]
G  [   107     31     52     23     15     41     54    214 ]
T  [  1161   1547     56     45   1627   1561     78    228 ]
>MA2159.1	ceh-36
A  [    63     13   1389      5      9   1368 ]
C  [     6      4      6      7      5      7 ]
G  [  1326   1367      5     10      7      5 ]
T  [    13     24      8   1386   1387     28 ]
>MA2160.1	ceh-39
A  [   526    410    468    762      9      9     48    797     15    544    472 ]
C  [   101     69     14      8     20    776      7      3     11     51     57 ]
G  [    67     58     49     19      3     12    734      2     10     36     83 ]
T  [   109    266    272     14    771      6     14      1    767    172    191 ]
>MA2161.1	ceh-43
A  [   924     14   1432   1434      9     23    916 ]
C  [   185     22      8      6     13      3      8 ]
G  [   189     10      4      8      7     12    515 ]
T  [   156   1408     10      6   1425   1416     15 ]
>MA2162.1	ceh-60
A  [   427    225   3174    156    133     21   2336     55   2780 ]
C  [   156     41     18     59     41     10     33   3001     40 ]
G  [    88   2882     31    171    110   3215    845     25    354 ]
T  [  2602    125     50   2887   2989     27     59    192     99 ]
>MA2163.1	cnd-1
A  [     9    631     11    565     16     15      5     46 ]
C  [   617      9     16     41     24      4     16     99 ]
G  [    21     12    601     23     13    626    597     56 ]
T  [    14      9     33     32    608     16     43    460 ]
>MA2164.1	egl-27
A  [   129     77     35     40   1273     14     24   1147    258    182    256 ]
C  [   195   1051     45     43     43     22   1316     52    256    205    150 ]
G  [   121    142     29     35     21      6     12     54    592     83    152 ]
T  [   933    108   1269   1260     41   1336     26    125    272    908    820 ]
>MA2165.1	elt-1
A  [    66     26     21     43    656      7     17     55 ]
C  [    88    569     20     28     22      8    679     21 ]
G  [    76     64     20     20     22      6     10     28 ]
T  [   492     63    661    631     22    701     16    618 ]
>MA2166.1	ets-7
A  [   224    312     13      6      9     13    336    324     36     46 ]
C  [    42      9    325    338      3      7      5     10      6     43 ]
G  [    40     14      9      7    339    333      5      8    302     32 ]
T  [    49     20      8      4      4      2      9     13     11    234 ]
>MA2167.1	fkh-3
A  [    48     18      8     22    414    448    441    328 ]
C  [    29    419     13     16     22      6      3     48 ]
G  [    48     20     12    421     19      6     14     32 ]
T  [   345     13    437     11     15     10     12     62 ]
>MA2168.1	hif-1
A  [    14      1    198      2      9      7      4    185     24 ]
C  [    59    130      3    198      1      3      8     10    128 ]
G  [     9      7      3      3    196      0    195      9     18 ]
T  [   129     73      7      8      5    201      4      7     41 ]
>MA2169.1	hsf-1
A  [    39     22     23     33   1769     66   1847   1810 ]
C  [    41     11   1816   1054     58     19     33     21 ]
G  [    26     30     29    222     64   1809     22     35 ]
T  [  1815   1858     53    612     30     27     19     55 ]
>MA2170.1	lin-32
A  [   353      4    467      2    285      7      1      9 ]
C  [    40    463      5      7     49     11      1     22 ]
G  [    91     15     11    455    150      8    485    311 ]
T  [     5      7      6     25      5    463      2    147 ]
>MA2171.1	lsl-1
A  [   122     22   1144      7    512     21     13   1132    465     88    131 ]
C  [   765     43     12   1148    515     11      8     17    376    610    825 ]
G  [   111     30      6      5     74   1127      3      9    217     60     38 ]
T  [   169   1072      5      7     66      8   1143      9    109    409    173 ]
>MA2172.1	mdl-1
A  [    22   1400     16     39     43     16 ]
C  [  1448     22   1426     18     38     15 ]
G  [    15     38     18   1428     22   1449 ]
T  [    17     42     42     17   1399     22 ]
>MA2173.1	mef-2
A  [   422    517    501    516      9    514     40 ]
C  [    26      9     15     11      7     12     21 ]
G  [    80     27     26      8     12     19    467 ]
T  [    30      5     16     23    530     13     30 ]
>MA2174.1	mls-2
A  [    74     18    385    396      6      9    370     27 ]
C  [   250     13     15      4      6      3     11     61 ]
G  [    61     11      3      6      4     15     13    250 ]
T  [    27    370      9      6    396    385     18     74 ]
>MA2175.1	mxl-1
A  [    70     15    376     14     16     24     14     50 ]
C  [   273    403     15    401      4     29      4     49 ]
G  [    49      4     29      4    401     16    402    269 ]
T  [    43     13     15     16     14    366     15     67 ]
>MA2176.1	mxl-3
A  [   232     48   1316     33     55     47     28    151 ]
C  [   943   1367     34   1358     24     72     26    144 ]
G  [   144     26     72     24   1357     34   1366    941 ]
T  [   150     28     47     54     33   1316     49    233 ]
>MA2177.1	nfya-1
A  [  1173   1964     43     49   2276   2266     44     89   2062    296 ]
C  [   236     86   2258   2289     30     60     60   2135     70    217 ]
G  [   741    222     24     21     33     43     22     83    192   1690 ]
T  [   253    131     78     44     64     34   2277     96     79    200 ]
>MA2178.1	sta-1
A  [    14     42     27     30    902   1003     35   1164   1218 ]
C  [    30     19   1198   1099    100     43     23     13     19 ]
G  [    15     10     14     35    142    200   1176     15     25 ]
T  [  1213   1201     33    108    128     26     38     80     10 ]
>MA2179.1	ceh-10
A  [    44     22     13     28     35     91     91      0      7     52     16 ]
C  [    22     11      0     39      0      0      0      8      7      0      8 ]
G  [     0     11     50      7      0      8      0      0      0      0      0 ]
T  [    33     55     36     25     64      0      8     91     85     47     75 ]
>MA2180.1	F10B5.3
A  [    36     23      0      0      0     15     77     12     83     85     56 ]
C  [     4      0      0      0     94     61      6      1      3      0     15 ]
G  [     6      0      0      1      5     22      0     86     10      0      1 ]
T  [    52     76    100     98      0      0     15      0      3     14     26 ]
>MA2181.1	lsy-2
A  [     2      0    100      0     80      0      0     96 ]
C  [    82      1      0    100      2      0      0      0 ]
G  [     0      0      0      0      2    100      0      0 ]
T  [    15     98      0      0     15      0    100      3 ]
>MA2182.1	nfi-1
A  [     0      0      0      6      0     93     54     42      7      0     12      0      0     60     53 ]
C  [    46     28      0      6     87      0     30      7      7      6      0     87    100     10      0 ]
G  [     0     10    100     87      0      6      7      7     30      0     87      6      0     30     46 ]
T  [    53     61      0      0     12      0      7     42     54     93      0      6      0      0      0 ]
>MA2183.1	nhr-33
A  [    27      0      0     90      0    100     38    100      0      3     93      8     32 ]
C  [     0     35     13      2     92      0      5      0     93      3      0     35      8 ]
G  [     6     53      0      2      5      0      0      0      6      0      0     51      5 ]
T  [    66     11     86      5      2      0     56      0      0     93      6      5     54 ]
>MA2184.1	sox-3
A  [    82     82      0     89    100     10      4      0     26     15 ]
C  [     4      9     65      5      0      0     14     13     15     15 ]
G  [     4      4     11      5      0      0      0     77      0      0 ]
T  [     9      4     23      0      0     89     81      9     58     69 ]
>MA2185.1	tbx-37
A  [    40     30     41      6      0      0     34      0    100    100     42     50 ]
C  [     0      0      3     18      0      0      7      7      0      0     21      7 ]
G  [    10     40     27     75      0    100     11     92      0      0      7      0 ]
T  [    50     30     27      0    100      0     46      0      0      0     28     42 ]
>MA2186.1	tbx-38
A  [    55     44     51      0      0      0     26      0     73     73     38     54 ]
C  [     0      0      4     15      0      0     17     14      0      0     30      7 ]
G  [    11     33     22     84      0    100      8     78      6     13      7      0 ]
T  [    33     22     22      0    100      0     47      7     20     13     23     38 ]
>MA2187.1	ztf-6
A  [    50     10      3     10      8     80    100    100     74 ]
C  [    11      5     87      0      5      2      0      0      7 ]
G  [     0     41      3     13     76     17      0      0      0 ]
T  [    38     42      6     76     10      0      0      0     18 ]
>MA1438.2	atf-7
A  [   555      2      3    956      2    146     22    135    635 ]
C  [    47      7      3      0    779     34     29    516    133 ]
G  [   379      0    990      9     11    818     11    272    127 ]
T  [    17    989      2     33    206      0    937     75    103 ]
>MA1444.2	cebp-1
A  [   503     74     28      9     17     83    114    690    710     27    408 ]
C  [    42     26     12     11    695      6    157     27      6     39     82 ]
G  [   100     28     10      7     10    632      7      5      7     10     93 ]
T  [    89    606    684    707     12     13    456     12     11    658    151 ]
>MA0264.2	ceh-22
A  [     8      0     93      1      0      0      7     95     46 ]
C  [    71     89      1     97      0     16     27      0     29 ]
G  [    19      0      0      0      0      0     63      0     20 ]
T  [     0      9      5      0     99     83      1      4      3 ]
>MA1699.2	ceh-38
A  [  1760   2025   2060   2156   2135     11     11   1011   2150     15   2109   1936    888    444 ]
C  [    34     16     34      4      8     17   2152     11      6      9     24     59    115    208 ]
G  [   272     20      9      6     25      3      3   1133     13      3     22     41     50    102 ]
T  [   111    116     74     11      9   2146     11     22      8   2150     22    141   1124   1423 ]
>MA0538.2	daf-12
A  [    22     71     33     23      0      0      0     15      0      1      0      0     32     17 ]
C  [    20      0      0     52      0     52      0     25     20      0      1     79      0     20 ]
G  [   113     13    123      6    156      0    156     14     97      0    154     16     84     28 ]
T  [     1     72      0     75      0    104      0    102     39    155      1     61     40     91 ]
>MA1446.2	daf-16
A  [   135     77   1437   1421   1534     26   1526    323 ]
C  [    20     79     95     86      6   1481      6    925 ]
G  [  1393     38     23     12      5      2     16    148 ]
T  [    14   1368      7     43     17     53     14    166 ]
>MA0919.2	dsc-1
A  [    63    817    960     12     63    787 ]
C  [   138     53     12     16     66     13 ]
G  [    13     66     16     12     53    138 ]
T  [   787     63     12    960    817     63 ]
>MA0541.2	efl-1
A  [    92     61     11      0      0    133   2096   2011   1424    696 ]
C  [  1150     22   2192      0   1239    628     55     26    137    214 ]
G  [   893   2123      3   2206    967   1445     18    156    177    171 ]
T  [    71      0      0      0      0      0     37     13    468   1125 ]
>MA1701.2	elt-2
A  [   256      9     11      3   3106      2     35   2213 ]
C  [   617   3096     35      0      0     10   3068     51 ]
G  [   421      1     16      0      0      0      1    297 ]
T  [  1812      0   3044   3103      0   3094      2    545 ]
>MA1439.2	elt-6
A  [    41      2    956      1    801    731 ]
C  [    18      0      1      5     44     36 ]
G  [     5    996      0      0      8     99 ]
T  [   934      1     41    992    144    132 ]
>MA0543.2	eor-1
A  [   939    133   1206    100   1153    262    429    237   1184     74   1170    202    974 ]
C  [    89      2      1      0     12    597     44    547     41     28      3    336     26 ]
G  [   167   1113      0   1126     70    319    694    403     28   1151     74    686    184 ]
T  [    58      5     46     27     18     75     86     66      0      0      6     29     69 ]
>MA0920.2	fkh-2
A  [   416     29    828    942    999     57    999 ]
C  [     0      0    172      0      0    914      0 ]
G  [   541      0      0      0      0      0      0 ]
T  [    42    971      0     57      0     29      0 ]
>MA0545.2	hlh-1
A  [   306    289      0    381     68     23      0      0     97      0 ]
C  [    22     15    381      0     13    264      3      0     75    261 ]
G  [    53     72      0      0    297     12      0    381     77     22 ]
T  [     0      5      0      0      3     82    378      0    132     98 ]
>MA1449.2	hlh-30
A  [   125      6   1667     14    155     67      6   1352 ]
C  [   181   1739     16   1562     31     12     11    104 ]
G  [   104     11     12     31   1562     16   1739    181 ]
T  [  1352      6     67    155     14   1667      6    125 ]
>MA0923.2	lim-4
A  [    22    852    980      7     10    939    514 ]
C  [   291    117      7      4    103     10     52 ]
G  [     6     20     12      3     49     13    331 ]
T  [   681     11      2    985    839     38    103 ]
>MA1441.2	lim-7
A  [   102      0    908    809     95    199 ]
C  [   102      0      0      0      0      0 ]
G  [   192      0      0      0      0    314 ]
T  [   602    999     90    189    903    486 ]
>MA1450.2	lin-54
A  [   445    543   1740   2616   2709     23     14     66   2771   2901   2820    327    814 ]
C  [   351    393    174     93     16     27     11   2612     51     14     13    158    159 ]
G  [  1823   1744    554    109     98      5     23     19    109     11     17     29    338 ]
T  [   328    267    479    129    124   2892   2899    250     16     21     97   2433   1636 ]
>MA1703.2	pqm-1
A  [  1517    183     81     40   2588     10   2543   2377 ]
C  [   187   2097    112     12     19      3     13     36 ]
G  [   557    256      5   2556     18      2     17    150 ]
T  [   396    121   2459     49     32   2642     84     94 ]
>MA0547.2	skn-1
A  [   190    237    209    268     32      0    265     20      0    318     31    249    240    139 ]
C  [    43     12     24      0     36     17     35      0      0      0    179      0      0     16 ]
G  [    62     39     55     16     26    301      5      0    318      0     22     28      0     21 ]
T  [    23     30     30     34    224      0     13    298      0      0     86     41     78    142 ]
>MA0925.2	sma-4
A  [    33      0     83      0      0    215     27 ]
C  [    33      0      0   1000      0      0     27 ]
G  [    33    917      0      0      0    785    836 ]
T  [   901     83    917      0   1000      0    110 ]
>MA1443.2	unc-30
A  [    16    999    999      0     16     55 ]
C  [     0      0      0      0    983    869 ]
G  [     0      0      0      0      0      0 ]
T  [   983      0      0    999      0     74 ]
>MA0918.2	unc-62
A  [   718    139    253      0      0      0     94    806 ]
C  [    94    383    601      0      0      0    906     34 ]
G  [    94    432     24      0    999      0      0     34 ]
T  [    94     46    122    999      0    999      0    127 ]
>MA0928.2	zfh-2
A  [    61      0   1000   1000      0      0    928    202 ]
C  [   213      0      0      0      0      0     24     95 ]
G  [    61      0      0      0      0      0     24    609 ]
T  [   665   1000      0      0   1000   1000     24     95 ]
>MA1704.2	zip-8
A  [  2113     19     17   2656     19     22     34    628   2376 ]
C  [    70      9      7      6   2634     22    136   1829     59 ]
G  [   490      8   2444     17     18   2637     18    144    129 ]
T  [    17   2654    222     11     19      9   2502     89    126 ]
>MA2143.1	nhr-25
A  [   171    881    843     97    147    111     62    855 ]
C  [   664     28     46    107     10     36    740     16 ]
G  [   107     50     44    686    722     44    115     62 ]
T  [    58     40     66    111    121    809     82     66 ]
>MA0921.3	CEH-48
A  [  3281   3374   4943   5168    142    282   3706   5263    210   5159   3768 ]
C  [   591    675    127     60     91   4915     78     60     96     81    425 ]
G  [   639    555    171     86     50     93   1533     69     74    104    396 ]
T  [   951    858    221    148   5179    172    145     70   5082    118    873 ]
