>MA1876.1	Gsx
A  [   852    152    202    436    193    380    416    215     64    114    951    943     52    231    366    204    307    423    311    137 ]
C  [    32    126     90    121    277    195    154     48     42     15      9     10     30    118    170    295    256    174     81     93 ]
G  [    39     54    270    274    313    152    165     70     44     13     27     11     14    200    260    252    142    146    106     67 ]
T  [    77    668    438    169    217    273    265    667    851    858     13     36    904    451    205    249    295    256    502    703 ]
>MA1890.1	Klf15
A  [   171    177    215    197    220    192    323     45    779     12    319     20     42     53    166    188    241    231    251    285    253    210 ]
C  [   609    643    587    540    420    370    531    895    152    957    204    952    929    898    741    531    482    538    596    584    568    601 ]
G  [   149    100     98    151    129    330     58     16     51      6    427     15     19     10     22    105    100     98     71     65    110    121 ]
T  [    71     79    100    112    231    109     88     44     18     25     49     13     10     38     70    176    177    133     83     65     69     67 ]
>MA1893.1	Klf6-7-like
A  [   136    181    184    233    288    175    121    764      9    260      5      9      9    368    270    239    190    210    241    235 ]
C  [   637    569    477    341    281    656    719    180    976     47    988    980    942    314    310    407    552    591    585    557 ]
G  [   140    150    163    247    330     66     48     42      5    646      3      7      4    100    222    211    155    118    113    133 ]
T  [    86    101    175    179    101    102    111     14     10     46      4      4     44    218    198    143    102     81     62     75 ]
>MA2109.1	Arid3
A  [    63     53    824    904     59     82 ]
C  [    43     44     39     20     21     73 ]
G  [    47     34     65     20     24     67 ]
T  [   846    869     73     55    897    778 ]
>MA2110.1	Cdx
A  [    92     90    131    966     37     93    201     85 ]
C  [    27     16     13      6     42     19     20    600 ]
G  [    47     19     28     13     26    230    740    148 ]
T  [   834    876    828     15    894    658     39    167 ]
>MA2111.1	HNF4
A  [   167     23     15    214    811      8      9     24     32     59    358    454     56     53 ]
C  [    81    117      8     19    167    976     58     58     39     57    126    374    796    454 ]
G  [   192     18    959    740     12      7     10     25     29    815    384     81     66     62 ]
T  [   561    842     19     26     11      9    923    893    899     69    131     90     82    432 ]
>MA2112.1	Meis
A  [    46     13    808     16    912    107 ]
C  [    39     16     25    949     11    115 ]
G  [    34    962     50     10     47    662 ]
T  [   880     10    118     25     29    115 ]
>MA2113.1	Pax2-5-8-a
A  [    56     17    113     27    178    867     90     50 ]
C  [   188    916     10     28    161     27    861    126 ]
G  [   704     20    818     47    570     56     12    749 ]
T  [    52     47     58    898     91     50     37     75 ]
>MA2114.1	Pax3-7-like
A  [   915     48     31    146    876     29 ]
C  [    23     40    118     53     32     21 ]
G  [    26     29     57    749     49     21 ]
T  [    36    883    794     52     43    930 ]
>MA2115.1	Pax6
A  [    70     33    873    923     48     35 ]
C  [   108     57     51     23     27     66 ]
G  [    82     26     57     30     29     88 ]
T  [   741    884     20     24    896    811 ]
>MA2116.1	Pou4
A  [   879     31    685    881    844     45 ]
C  [    38     16     53     54     20     26 ]
G  [    31      9     93     20     23     16 ]
T  [    53    944    168     45    114    913 ]
>MA1843.2	AP4
A  [   610    296     23    980      5     15      5      4    613     97 ]
C  [   140    118    938      5     19    961      4      5     43    165 ]
G  [   156     59     20      7    963     20      4    986     96    141 ]
T  [    93    527     19      8     13      5    986      5    247    597 ]
>MA1844.2	Atbf
A  [    99     38    913    930     32     44 ]
C  [   134     38     28     18     25     35 ]
G  [   113     14     30     24     27     60 ]
T  [   654    910     29     27    917    862 ]
>MA1845.2	Atoh7
A  [    66    899     15     89     18      6     54 ]
C  [   824     19     30    857     17      4    132 ]
G  [    54     31    874     38     12    985     92 ]
T  [    56     52     81     16    952      5    722 ]
>MA1846.2	Brachyury
A  [   696    108     52     13     18     53     53    868 ]
C  [    44    104     28     41      7    178    107     23 ]
G  [   146    658    877     27    961     56    711     56 ]
T  [   114    130     43    919     14    713    130     53 ]
>MA1847.2	Bsx
A  [    20    925    968     36     33    190 ]
C  [    25     17     11     39    131     25 ]
G  [     8     25     12     53    116    750 ]
T  [   947     33     10    872    720     36 ]
>MA1848.2	Cebpg
A  [   805     38     19     97     15    753 ]
C  [    49     33     20     12    952     62 ]
G  [   110     28     18    820     11    117 ]
T  [    36    901    942     71     22     68 ]
>MA1849.2	Creb1
A  [   495     10      7    986      3      6      5     32    971     23 ]
C  [    46     12     19      4    988      3      5    941      6    436 ]
G  [   436      6    941      5      3    988      4     19     12     46 ]
T  [    23    971     32      5      6      3    986      7     10    495 ]
>MA1850.2	Dlx-b
A  [    22    921    977      7     18    835 ]
C  [   132     33      7     11     28      8 ]
G  [     7     23      7      8     37    139 ]
T  [   839     23      9    974    916     18 ]
>MA1851.2	Dlx-c
A  [    29    919    970     14     33    792 ]
C  [    97     22      7      8     18     10 ]
G  [    11     21     10      8     26    166 ]
T  [   863     38     13    971    922     32 ]
>MA1852.2	Emx
A  [    39    900    934     58     70    172 ]
C  [    27     23     12     19     43     43 ]
G  [    15     34     20     44     97    705 ]
T  [   919     43     34    878    791     80 ]
>MA1853.2	Erf-a
A  [   214      9     13    966    839    210     47 ]
C  [   543     11     12     13     25     36    116 ]
G  [   124    969    958      7     11    740     55 ]
T  [   119     11     17     14    125     14    782 ]
>MA1854.2	Etv1/4/5
A  [   144     51     27     16     17     49 ]
C  [    43     30    926    950     30    112 ]
G  [    57     36     26     20    900    777 ]
T  [   756    884     21     14     54     63 ]
>MA1855.2	Fli-Erg-a
A  [    56     65      5      6    875    794 ]
C  [   840    912      5      9     38     49 ]
G  [    79     16    984    978     26     39 ]
T  [    25      6      7      7     61    118 ]
>MA1856.2	Fli-Erg-b
A  [   541     36    159     25     10      8      9     26    154 ]
C  [   102    573     16      9    968    977     17     81    130 ]
G  [   275     44     26     16      9      8    895    797     46 ]
T  [    82    347    799    950     12      8     79     96    670 ]
>MA1857.2	Fli-Erg-c
A  [   103    108     17     24    898    831 ]
C  [   755    839     17     22     28     39 ]
G  [   100     33    948    931     26     28 ]
T  [    43     20     19     23     48    103 ]
>MA1858.2	Fos-b
A  [   848      7     12    978      8     14     13     58    913     38 ]
C  [    46      7     12      5    973      6     30    876     23     74 ]
G  [    76      8    955      9      6    969      9     31     25     54 ]
T  [    31    979     21      8     12     11    947     35     40    835 ]
>MA1859.2	FoxA-a
A  [    51    106    749    463     31     14    969    966    977     10    835    696    552 ]
C  [   401     36     43     42     14     21     11      7      7    800     51     74     82 ]
G  [    52     23    177     43    935     10     10     12      9      6     50     73     70 ]
T  [   496    835     31    452     19    956     10     14      7    185     64    157    296 ]
>MA1860.2	FoxA-b
A  [   760    763     25    814     45     41     70    267 ]
C  [    60     57     55     25     27     25     28     28 ]
G  [    65     70     18    132     29     48    109    650 ]
T  [   115    111    902     29    899    885    794     55 ]
>MA1861.2	FoxB
A  [   249     23    737    904    931      8    950     84     66    127    516 ]
C  [    66    257    193     49     17     93      8     34     35     72     70 ]
G  [   557     11     14     12     15      9     31     42     50    273    311 ]
T  [   127    708     57     35     36    891     11    840    849    528    103 ]
>MA1862.2	FoxD-b
A  [    31     89     14     39     19    649 ]
C  [    16     10     20      9      9     17 ]
G  [    16    863     13     45     31    176 ]
T  [   937     38    953    907    940    158 ]
>MA1863.2	FoxE
A  [    71     26     70     28     59     65 ]
C  [    38     15     21     25     19     18 ]
G  [    82     33    868     33     74     88 ]
T  [   809    926     41    914    848    829 ]
>MA1864.2	FoxF
A  [    39    934    912    957     14    951 ]
C  [   138     34     29     10    308     10 ]
G  [    11     11     10     10      6     18 ]
T  [   812     21     49     24    672     21 ]
>MA1865.2	FoxG
A  [    37     89     30     43     61     92 ]
C  [    32     26     30     23     28     34 ]
G  [    46    845     42     68     73    810 ]
T  [   884     40    899    866    838     64 ]
>MA1866.2	FoxI-a
A  [   824    847    951     16    954    763 ]
C  [   121     95     20    926     20    102 ]
G  [     6      8     12      6     10     47 ]
T  [    49     50     17     52     16     88 ]
>MA1867.2	FoxI-b
A  [     9    227      6     56      4    821     74    422    327    626    591 ]
C  [     6      3      6      3      3      8    479     68    217     45    122 ]
G  [     4    761      3     67     55     69    151    117    127     54     62 ]
T  [   981      8    985    874    939    102    295    394    329    275    225 ]
>MA1868.2	FoxI-c
A  [   829     24     37     24     49    110 ]
C  [    49     49     24     73     49     37 ]
G  [    73     61    890     24     49     49 ]
T  [    49    866     49    878    854    805 ]
>MA1869.2	FoxK
A  [    19     94     17     68     18    659 ]
C  [    17      9     17     12     14     23 ]
G  [    18    868     16     86     54    187 ]
T  [   945     30    949    834    915    130 ]
>MA1870.2	FoxL2
A  [   547    115    961    833    957     19    951    523 ]
C  [    91    168     17    106      8    867     13    176 ]
G  [   183     10      6      5     21      6     12     67 ]
T  [   179    707     16     56     14    108     24    234 ]
>MA1871.2	FoxM
A  [   817    926    957    103    968    828 ]
C  [    82     34     12    785     12     51 ]
G  [    11      9     14     14      9     25 ]
T  [    89     31     16     98     11     96 ]
>MA1872.2	FoxO
A  [   560    584    213    720     15    179      8     23     70 ]
C  [   105     89    408     32     12      5     15      8      9 ]
G  [   103    121    130     72      5    787      7     31    114 ]
T  [   231    205    249    175    969     29    970    938    807 ]
>MA1873.2	FoxQ
A  [    79     44     74     35    880     50 ]
C  [    66     40     15     16     18     98 ]
G  [   804     29     51     34     61     42 ]
T  [    50    887    860    915     42    810 ]
>MA1874.2	GATA-a
A  [   229     14    972      5    911    815 ]
C  [   150     13      8      9      6     50 ]
G  [    35    963      8      4     11     64 ]
T  [   585     10     11    982     72     70 ]
>MA1875.2	GATA1/2/3
A  [   666     17    970      8    835    800 ]
C  [   135     11      8     13     45     53 ]
G  [    43    948      9      6     29     67 ]
T  [   156     24     13    973     91     80 ]
>MA1877.2	Hes-b
A  [    97    146     46    759     41     46     43     36 ]
C  [   117    114    856     26    863     22    177     30 ]
G  [   697    645     48    180     44    907     40    897 ]
T  [    88     95     50     35     51     24    740     37 ]
>MA1878.2	Hes-c
A  [   120    165     45    245     23     42     35     26 ]
C  [   183     59    870     18    844     15    107     20 ]
G  [   560    629     34    697     24    924     24    920 ]
T  [   137    147     51     40    109     19    834     34 ]
>MA1879.2	Hex
A  [    78     27    896    936     39    137 ]
C  [    55     71     14     16     13     46 ]
G  [    75     28     53     18     19     46 ]
T  [   791    874     37     30    929    770 ]
>MA1880.2	Hey
A  [    27    871     15     35     19     33     94    125 ]
C  [   921     22    931     24     85     28    554    642 ]
G  [    26     86     17    922     16    911    119    132 ]
T  [    26     22     37     19    879     29    233    101 ]
>MA1881.2	Hmbox1
A  [    97     40    891    929     48     76 ]
C  [    86     30     27     17     23     42 ]
G  [    90     14     30     24     25     41 ]
T  [   727    915     52     30    904    841 ]
>MA1882.2	Hnf1
A  [   102     29    946    942     24     38    540 ]
C  [   170     32     16     13     35     29     68 ]
G  [   121      8     22     27     24     55    254 ]
T  [   607    931     16     18    916    878    138 ]
>MA1883.2	Hox1
A  [    81     53    860    891     57     59 ]
C  [    62     49     38     27     31     52 ]
G  [    76     32     49     31     35     66 ]
T  [   781    866     54     50    877    823 ]
>MA1884.2	Hox3
A  [    42    881    964      8     47    801 ]
C  [    23     19      9     52     63     52 ]
G  [    17     63     14      9    673     77 ]
T  [   919     37     13    931    217     71 ]
>MA1885.2	Hox4
A  [    48    323    934     13     27    936 ]
C  [    78    598     10     12     29     16 ]
G  [    33     42     46      8     13     17 ]
T  [   841     38     10    968    931     30 ]
>MA1886.2	Hox5
A  [    42    874    944     51     56    171 ]
C  [    29     25     11     20     53     37 ]
G  [    19     41     16     35    108    723 ]
T  [   910     60     28    894    783     70 ]
>MA1887.2	Hsf1-2-4
A  [   106    687    636    224    262     30     17      4     10    695     12    760    723    262    277    179    140    121 ]
C  [    92     96     96    291    185     14      6    987    133    159     19     81     80    275    205    108     96    641 ]
G  [   700     87     97    197    288     17     19      5    140    128    952     58     77    197    264    105    107    107 ]
T  [   102    130    171    288    264    939    958      4    717     18     17    101    120    267    254    608    657    130 ]
>MA1888.2	Irf-b
A  [   124    858    419    940    126     97    299    199    883     15     19    259     10     29    107 ]
C  [    22     47     10     14    676    176    226    207     10     71      3     56     19    917     33 ]
G  [   842     70    259     31    168     79    263    388     85    880      4     14     36     14    829 ]
T  [    12     25    312     15     30    648    213    207     21     33    974    672    935     40     31 ]
>MA1889.2	Isx
A  [    91     61    917    942     58     39 ]
C  [   126     66     17     12     27     44 ]
G  [    95     38     39     24     26     42 ]
T  [   688    835     27     23    889    874 ]
>MA1891.2	Klf3/8/12
A  [   267    118     59    910     11    398     12      7     14 ]
C  [   131    822    903     64    969     34    981    985    942 ]
G  [   563     20     13     20      8    544      3      4      2 ]
T  [    39     40     26      5     12     25      3      4     42 ]
>MA1892.2	Klf5-like
A  [   164    774     17    205     12     23     18 ]
C  [   589    131    956     44    968    949    898 ]
G  [    82     62     11    698     10     18     11 ]
T  [   166     33     17     53     10     10     74 ]
>MA1894.2	large-Maf
A  [    69     16     66     32     37    908 ]
C  [   120     14    896     21     21     36 ]
G  [    25    953     11     20    863     22 ]
T  [   785     17     27    928     79     35 ]
>MA1895.2	Lhx3/4
A  [    75     50    862    910     48     66 ]
C  [    69     51     37     23     29     73 ]
G  [    77     36     61     28     26     52 ]
T  [   779    862     40     39    897    809 ]
>MA1896.2	Lmx-b
A  [   100     33    915    936     36     66    572 ]
C  [   102     32     27     18     22     38     82 ]
G  [   124     14     25     20     21     43    182 ]
T  [   675    921     34     25    922    852    164 ]
>MA0118.2	Macho-1
A  [     9      0      0      3      0 ]
C  [     2      0      0      4      0 ]
G  [    23     42     42     23     42 ]
T  [     8      0      0     12      0 ]
>MA1897.2	Max
A  [    53    885      3    105     29      7 ]
C  [   932      5    880     11     80      9 ]
G  [     9     80     11    880      5    932 ]
T  [     7     29    105      3    885     53 ]
>MA1898.2	Meox
A  [    29    910    965     12     59    843 ]
C  [    21     11      7     32     69     36 ]
G  [    13     47     10      7    549     67 ]
T  [   936     32     18    949    323     54 ]
>MA1899.2	Mitf
A  [    57    865      7     77     23      8    755 ]
C  [   845     33    895     26     21     28    105 ]
G  [    59     61     18    886     25    954     78 ]
T  [    40     42     81     10    931      9     61 ]
>MA1900.2	Mnx
A  [   117     34    938    926     53     58 ]
C  [    99     42     13     17     27     56 ]
G  [   108     12     30     23     25     73 ]
T  [   676    913     19     34    896    813 ]
>MA1901.2	Msx
A  [    44    899    967     17     27    257 ]
C  [    45     11      6     10     29     45 ]
G  [    18     40     10     22     28    602 ]
T  [   893     51     16    952    915     96 ]
>MA1902.2	NFkb
A  [   123     12     20    155    741    681    147     89     73     90     65 ]
C  [   100     10      8     19     51     56     99    658    877    843    788 ]
G  [   686    964    924    758    137     56     67     49     11     29     71 ]
T  [    90     14     49     68     71    207    687    205     39     38     77 ]
>MA1903.2	Nk-1
A  [    34    822    903     37     75    800 ]
C  [   877     77     33     28    105     65 ]
G  [    30     48     21     17     37     84 ]
T  [    58     53     43    918    783     51 ]
>MA1904.2	Nk-3
A  [    75     40    908    936     49     62 ]
C  [   101     67     26     16     26     42 ]
G  [    84     16     38     25     30     79 ]
T  [   741    877     29     24    896    818 ]
>MA1905.2	Nkx3
A  [    80     41    896    913     48     57 ]
C  [    88     44     31     24     36     51 ]
G  [    97     23     42     31     42    100 ]
T  [   735    892     31     32    874    792 ]
>MA1906.2	Noto
A  [    46    890    950     11     85    817 ]
C  [    33     26      9     17     60     49 ]
G  [    20     44     18     11    634     82 ]
T  [   902     39     23    961    221     52 ]
>MA1907.2	Otp
A  [    93     74    950    959     79     39    578 ]
C  [   131     43     15      9     19     32     62 ]
G  [    59     17     22     16     19     34    139 ]
T  [   717    867     13     16    883    895    221 ]
>MA1908.2	Otx
A  [   169     86    915    933     40     65     55    123 ]
C  [   162     24     13     14     35    814    769    200 ]
G  [    96     15     32     25     89     61     77    548 ]
T  [   573    875     40     28    836     61     99    129 ]
>MA1909.2	Prop
A  [    72     60    881    922     69     48 ]
C  [    92     55     24     16     39     63 ]
G  [    79     38     57     28     32     46 ]
T  [   757    847     39     35    861    843 ]
>MA1910.2	Rax
A  [    82     48    883    909     47     52 ]
C  [    95     50     28     20     37     56 ]
G  [    84     29     51     37     37     60 ]
T  [   738    873     38     33    878    832 ]
>MA1911.2	Rel
A  [    71      8    115    832    859    185     14     92     69    103 ]
C  [   184      6      6      7     21     11     22    323    669    629 ]
G  [   556    977    845    118     22     15      8     38     46    139 ]
T  [   189      9     35     43     98    789    956    547    217    130 ]
>MA1912.2	Six3/6
A  [    38     52    964     21    930     21 ]
C  [    86     26     10     51     49    710 ]
G  [    42    890      9      9     12     72 ]
T  [   833     33     17    919      9    196 ]
>MA1913.2	small-Maf
A  [    59      9     62     28     32    903 ]
C  [   102      9    910     20     17     29 ]
G  [    20    975      9     11    848     25 ]
T  [   819      7     19    941    102     43 ]
>MA1914.2	Snail
A  [    36    981      6     15     30     21 ]
C  [   921      9    982    914     10     16 ]
G  [     7      6      6     22     11    922 ]
T  [    35      5      6     50    949     40 ]
>MA1915.2	SoxB1
A  [   711    517    184    282    301    131    973    124      8     42     77 ]
C  [    66     84    101    148    247    672      5     10      6     30     32 ]
G  [    71     99    170    297    198     37      8     11      7    913     30 ]
T  [   152    300    546    273    254    160     14    855    979     14    861 ]
>MA1916.2	SoxB2
A  [   874     16     19     48     22    101 ]
C  [     7      8      7     23     18    103 ]
G  [    20      9     19    919     14    102 ]
T  [   100    968    955     10    946    694 ]
>MA1917.2	SoxC
A  [   805     51     33     60     51     66 ]
C  [    35     34     24     42     34     59 ]
G  [    63     42     34    849     38     72 ]
T  [    97    873    909     48    878    804 ]
>MA1918.2	SoxF
A  [   958     35     15     64     43    116 ]
C  [     6     10      8     29     22    123 ]
G  [    13      9     15    888     20     99 ]
T  [    23    946    962     20    915    662 ]
>MA1919.2	Tbox-a
A  [   509     91     13     15     10     68     51    906    657 ]
C  [    77     82     28     93      5    195    104     17     83 ]
G  [   274    770    936     28    976     54    703     54    136 ]
T  [   141     56     23    864     10    683    142     24    124 ]
>MA1920.2	Tbox-b
A  [   834    150     28     20     15    114     71    920 ]
C  [    27     87     19     55      7    279    119     14 ]
G  [    81    715    935     50    968     45    672     44 ]
T  [    58     48     18    875     10    563    138     22 ]
>MA1921.2	Tbx15/18/22
A  [   777    113     27     11     10     87     56    837    211    317    499     64    658     94 ]
C  [    29     76     21     64      5     81    172     13    171    300     92    784     57    713 ]
G  [   122    742    928     31    979     31    563     68     68    263    152     68    201    120 ]
T  [    71     69     24    893      7    801    209     82    550    120    257     83     85     73 ]
>MA1922.2	Tbx2/3
A  [   703    164     10      8      6     56     57    945 ]
C  [    38     84     11     52      5     78    115     11 ]
G  [   169    639    971     10    982     15    658     25 ]
T  [    91    113      8    931      7    851    170     20 ]
>MA1923.2	Tcf3-4-12
A  [    28    968     21     53     18     27 ]
C  [   959     10    758    853     26     16 ]
G  [     4     13    132     82     29    896 ]
T  [     9      8     89     12    927     62 ]
>MA1924.2	Tlx
A  [   800    807     52     61    884    851 ]
C  [    68     52     29     35     22     46 ]
G  [    47     44     22     28     43     42 ]
T  [    85     98    898    876     51     61 ]
>MA1925.2	Uncx-b
A  [   104     51    875    905     44     49 ]
C  [    88     49     30     23     30     54 ]
G  [    75     25     51     28     27     41 ]
T  [   733    875     44     44    899    857 ]
>MA1926.2	Usf
A  [    43    980      8     24      8     10    669     80 ]
C  [   878      6    955      9      8     18     73    424 ]
G  [    42      7      8    958      6    964    166    110 ]
T  [    37      7     30      8    977      9     93    386 ]
>MA1927.2	YY1-2
A  [   122     64     49    909    100    514    939      8      8     21    199     58    114 ]
C  [    98    832    918      9     19     33      7     13      3     16    623    229    138 ]
G  [   565     56     16     24     11     56     15      8    985    920     56    567    576 ]
T  [   215     48     18     57    870    398     40    971      5     43    122    146    172 ]
