>MA0271.1	ARG80
A  [    89      0    161      0     44      0 ]
C  [     0      0      0    301      0    256 ]
G  [     0    301      0      0     79      0 ]
T  [    69      0      0      0     69     20 ]
>MA0274.1	ARR1
A  [   160     24     30      0     73    129    137     11 ]
C  [     0     75     70      0      0     41      0      0 ]
G  [     0     29      0      0    161     12     29     24 ]
T  [     0     73     87    161      0      0      3    129 ]
>MA0275.1	ASG1
A  [     0      0      0      0     72     53 ]
C  [    76    100      0      0     11      0 ]
G  [     0      0    100    100     16      0 ]
T  [    24      0      0      0      0     47 ]
>MA0276.1	ASH1
A  [     0      0     61     58    130      0     33     80      0      0 ]
C  [   220    291     21     54      0     11    150      0      8      0 ]
G  [     8      0    133    101     54      8      8     92    249    256 ]
T  [    35      3     10     12      0    147     35     26     19     18 ]
>MA0277.1	AZF1
A  [    63    100    100     88     75      0     78     81     63 ]
C  [    13      0      0     13      0      0     16      6     13 ]
G  [    13      0      0      0     25    100      3      6     13 ]
T  [    13      0      0      0      0      0      3      6     13 ]
>MA0283.1	CHA4
A  [    22      0      0      0      0     71     22     48 ]
C  [     5      0    100      0      0      0      1     10 ]
G  [    68    100      0    100    100     28     76     10 ]
T  [     5      0      0      0      0      0      1     31 ]
>MA0287.1	CUP2
A  [     0      9      0      2      6      4      9      9      7      4      2 ]
C  [     7      0      0      7      0      1      0      0      0      0      0 ]
G  [     0      0      9      0      3      4      0      0      2      0      7 ]
T  [     2      0      0      0      0      0      0      0      0      5      0 ]
>MA0288.1	CUP9
A  [     7      0     84      1     91      0     75     40     39 ]
C  [    10      0      0     99      0     64     15      0     13 ]
G  [     3    100      9      0      9      9      0      0      3 ]
T  [    79      0      7      0      0     27     10     60     45 ]
>MA0289.1	DAL80
A  [    11      0    100      0    100     90      3 ]
C  [    67      0      0      0      0      1     19 ]
G  [     6    100      0      0      0      1     75 ]
T  [    17      0      0    100      0      7      3 ]
>MA0290.1	DAL81
A  [   203    203    203    203      0      0      0      0      0      0      0      0      0      0      0      0    203      0      0 ]
C  [     0      0      0      0      0    203    203      0    203      0      0      0    203      0      0      0      0      0      0 ]
G  [     0      0      0      0    203      0      0    203      0    203    203    203      0    203    203    203      0      0      0 ]
T  [     0      0      0      0      0      0      0      0      0      0      0      0      0      0      0      0      0    203    203 ]
>MA0291.1	DAL82
A  [    56     53     39     26      0      0      0      0     11 ]
C  [    14     11      3     11     26      0    100      0     68 ]
G  [    14      5      3     42      0    100      0    100     11 ]
T  [    14     32     55     21     74      0      0      0     11 ]
>MA0297.1	FKH2
A  [    13      0    100    100    100      0    100 ]
C  [     0      0      0      0      0    100      0 ]
G  [    88      0      0      0      0      0      0 ]
T  [     0    100      0      0      0      0      0 ]
>MA0299.1	GAL4
A  [     0      0      0    778    292   1019   2339    567   1913    659     96   1170      0    235      0 ]
C  [  2779      0    438    655   1137    810      0   1296    335    592    767    517   1437    392   2779 ]
G  [     0   2779   2273    927   1151   1002    538    810      0   1744    494   1105    729    419      0 ]
T  [     0      0     97    717    498    390     98    194    737    204   1786    404    824   2001      0 ]
>MA0304.1	GCR1
A  [   719      0      0   2460   2157      9    553      0 ]
C  [    31    142     22      0     10     13   1703   1932 ]
G  [    77   2318   2438      0      0   2326      0     15 ]
T  [  1822      0      0      0    294    121    240    651 ]
>MA0307.1	GLN3
A  [     0    100      0     74     61 ]
C  [     0      0      0      0      0 ]
G  [   100      0      0      0     27 ]
T  [     0      0    100     26     12 ]
>MA0311.1	HAL9
A  [     0      0      0     99     62 ]
C  [    99      0      0      0      0 ]
G  [     0     99     99      0     37 ]
T  [     0      0      0      0      0 ]
>MA0313.1	HAP2
A  [     0      0     22      0    675 ]
C  [     0      0      0      0   1619 ]
G  [     0     40   3922   3932    131 ]
T  [  3939   3897      0      7   1847 ]
>MA0318.1	HMRA2
A  [     6     54      4      0      0     93     88     40 ]
C  [    67      0      0      0      0      0      2      8 ]
G  [     6     46      0    100      0      0      2      8 ]
T  [    21      0     96      0    100      7      9     44 ]
>MA0320.1	IME1
A  [     0      0      0      0      0      0    161     16 ]
C  [   301    232      0    301    189      0      0      0 ]
G  [     0     61    301      0     75    301      0    266 ]
T  [     0      0      0      0     15      0      0      0 ]
>MA0321.1	INO2
A  [    18      0    155      0      7      8      0    141    134 ]
C  [    29    275      7     25      0      0     34     16      2 ]
G  [   198      0      0      0    258     11    241     23      5 ]
T  [     4      0      4    150      0    147      0      0     24 ]
>MA0322.1	INO4
A  [    29      0    138      0     10      0     17    146    142 ]
C  [    46    236     14      0      0      0      0      7      7 ]
G  [   162      0      0      0    256      0    241     23     26 ]
T  [     5     19     17    168      0    167      0      0      0 ]
>MA0323.1	IXR1
A  [   161    121     68     28     59     59     28    121    121      0      0     28      6      0      0 ]
C  [     0      0      0    228    187      0      0      0      0      0    301      0      0      0      0 ]
G  [     0      0    112      0      0    187    169     71      0    301      0    244    285    112    244 ]
T  [     0     37     28      6      0      0     37      0     37      0      0      0      0     99     28 ]
>MA0324.1	LEU3
A  [     0      0      0     20     26     47      0      0      0      0 ]
C  [   100    100      0      0     34     12     61    100      0     32 ]
G  [     0      0     56     35      0     16     39      0    100     68 ]
T  [     0      0     43     45     41     25      0      0      0      0 ]
>MA0326.1	MAC1
A  [   108     89      0    115      0      0      0    958 ]
C  [     0      0      0      0   1714      0   1714      0 ]
G  [     0    219      0   1599      0      0      0    655 ]
T  [  1632   1451   1714      0      0   1714      0    113 ]
>MA0327.1	HMRA1
A  [   101      0    203      0    203    203      0 ]
C  [     0    203      0    203      0      0      0 ]
G  [   101      0      0      0      0      0      0 ]
T  [     0      0      0      0      0      0    203 ]
>MA0330.1	MBP1::SWI6
A  [ 15153     82     45     31     59    726    365 ]
C  [     0  21942    182  19078    182   1491   9107 ]
G  [   405    101  21983    188  21982   1506    882 ]
T  [  6881    179     23   3065     21  18880  13437 ]
>MA0331.1	MCM1
A  [  1692     97   3002   6037   7789    936   1175   6619    612    117  10592  12477 ]
C  [ 11356  12733   5897   2220    195    237   3860   1176     32    134    966    399 ]
G  [   405      0   3023   3432    642      0    542   5947  13102  13351    319    350 ]
T  [   368    971   4309   3681   5363  12586   9116   1957      0     16   2201    475 ]
>MA0332.1	MET28
A  [     0      0      0      0      0      0 ]
C  [   203      0      0      0      0      0 ]
G  [     0      0    203      0    203    203 ]
T  [     0    203      0    203      0      0 ]
>MA0340.1	MOT3
A  [    67    203      0      0      0    203 ]
C  [    67      0      0      0    101      0 ]
G  [     0      0    203    203      0      0 ]
T  [    67      0      0      0    101      0 ]
>MA0341.1	MSN2
A  [    60      0      0      0      0 ]
C  [     7      0      0      0      0 ]
G  [    32    100    100    100    100 ]
T  [     0      0      0      0      0 ]
>MA0342.1	MSN4
A  [    83      0      0      0      0 ]
C  [     0      0      0      0      0 ]
G  [    16     99     99     99     99 ]
T  [     0      0      0      0      1 ]
>MA0344.1	NHP10
A  [    20      8      0      0      0      0      0     68 ]
C  [    10     78    100      0      0      0      0      8 ]
G  [    60      8      0    100    100    100    100     18 ]
T  [    10      8      0      0      0      0      0      8 ]
>MA0353.1	PDR3
A  [     0      0      0      0      0      0      0    203 ]
C  [     0    203    203      0    203      0      0      0 ]
G  [     0      0      0    203      0    203    203      0 ]
T  [   203      0      0      0      0      0      0      0 ]
>MA0356.1	PHO2
A  [    52     12    100     56     23     63 ]
C  [     0      0      0      0      0      0 ]
G  [     8      0      0      0      0      0 ]
T  [    41     88      0     44     77     37 ]
>MA0357.1	PHO4
A  [    94     97    967      0     85      2      1      4 ]
C  [   393    900      1    911      1     28      0    507 ]
G  [   507      0     28      1    911      1    900    393 ]
T  [     4      1      2     85      0    967     97     94 ]
>MA0364.1	REI1
A  [     0      5      0      0      0      0     56 ]
C  [    95     95    100    100      0      0      8 ]
G  [     0      0      0      0      0     95     23 ]
T  [     5      0      0      0    100      5     13 ]
>MA0366.1	RGM1
A  [   100      0      0      0     11 ]
C  [     0      0      0      0     12 ]
G  [     0    100    100    100     77 ]
T  [     0      0      0      0      0 ]
>MA0368.1	RIM101
A  [     9      0      0      0    100    100      0 ]
C  [    43      0    100    100      0      0      0 ]
G  [     9    100      0      0      0      0    100 ]
T  [    39      0      0      0      0      0      0 ]
>MA0370.1	RME1
A  [     0     16     16    160    119    139     27     34     92    126 ]
C  [    52     96    100      0      0     29      0      0     39      0 ]
G  [     0     33     49      0     27      0    244    229     35     19 ]
T  [   131     69     58      0     22      2      0      0     22     18 ]
>MA0371.1	ROX1
A  [     0      0      2      7      0      0      0      0      0      0      1      0 ]
C  [     4      6      4      1      0      0      0      0      0      5      0      5 ]
G  [     0      0      0      0      0      1      8      0      0      1      1      2 ]
T  [     4      2      2      0      8      7      0      8      8      2      6      1 ]
>MA0373.1	RPN4
A  [    23      0      0      0      0      0     13 ]
C  [     0      0      0      0      0    100      0 ]
G  [    67    100     12    100    100      0     87 ]
T  [     9      0     88      0      0      0      0 ]
>MA0379.1	MOT2
A  [    93      0     99      0     99 ]
C  [     2      0      0      0      0 ]
G  [     0      0      0      0      0 ]
T  [     5     99      0     99      0 ]
>MA0387.1	SPT2
A  [    97     66      0      4    130    120     83      0    161    122 ]
C  [     0     44      0      0      0     23     66      0      0      0 ]
G  [     3     12      0      0     54     46     60    105      0     69 ]
T  [    57     58    161    152      0      0      2    102      0      0 ]
>MA0388.1	SPT23
A  [    95    160    143    134      1      0    108    157 ]
C  [     0      0      0      0     36    138     37      0 ]
G  [   119      0     22      0      0     67     18      6 ]
T  [     0      0      2     23    135     46     16      0 ]
>MA0391.1	STB4
A  [     9      0      0      0      0    100     75 ]
C  [    43      0    100      0      0      0      1 ]
G  [     9      0      0    100    100      0      1 ]
T  [    39    100      0      0      0      0     23 ]
>MA0392.1	STB5
A  [     0      0      0     23     23     19      6     96 ]
C  [    99      0      0     19     23     25     12      1 ]
G  [     0     99     99     26     47     12      6      1 ]
T  [     0      0      0     32      8     45     76      1 ]
>MA0393.1	STE12
A  [     0   4297  27122  25290  27887     98  15301 ]
C  [  3261      0      0    167      0  27779   3002 ]
G  [    96  24137   1278   2703      0      0   9387 ]
T  [ 25022    198      0      0      0     97   2275 ]
>MA0394.1	STP1
A  [     4     49      0      0     12      0      4      4 ]
C  [    82      0    279      0      0    279      0     94 ]
G  [    33    192      0    266    255      0    119     70 ]
T  [    87      0      0      4      0      0     87     57 ]
>MA0399.1	SUT1
A  [    23     48      0      8      0     49     44 ]
C  [   142      5    266     61     46     35     14 ]
G  [    36    185      0    188    226    151    170 ]
T  [    29      0      0      1      0      0      4 ]
>MA0401.1	SWI4
A  [    62      0     15      0      0    100     94     62 ]
C  [     8    100      0    100      0      0      2      8 ]
G  [    15      0     85      0    100      0      2      8 ]
T  [    15      0      0      0      0      0      2     23 ]
>MA0404.1	TBS1
A  [    12      3      2     75     20      0      0      8 ]
C  [    78      3      2      8     13    100    100      8 ]
G  [     5     90     95      8     13      0      0     75 ]
T  [     5      3      2      8     53      0      0      8 ]
>MA0405.1	TEA1
A  [     5      0      0      0     50      0     60     15 ]
C  [     5    100      0     40      0     80      0     20 ]
G  [    75      0    100     60     50     20     10      5 ]
T  [    15      0      0      0      0      0     30     60 ]
>MA0407.1	THI2
A  [   103      0    680   1265   1265      0      0     71    438    921   1265      0   1265    813    129 ]
C  [     0      0    573      0      0   1024    543    599      0      0      0      0      0      0   1068 ]
G  [  1162   1265      0      0      0      0      0    571      0      0      0   1265      0    451     89 ]
T  [     0      0     61      0      0    241    805     90    826    344      0      0      0      0      0 ]
>MA0409.1	TYE7
A  [     3    100      0      0      0      0     78 ]
C  [    93      0    100     10      0      0      8 ]
G  [     3      0      0     90      0    100      8 ]
T  [     3      0      0      0    100      0      8 ]
>MA0417.1	YAP5
A  [   122    124     86      0    161     19 ]
C  [     0      0      0    264      0      0 ]
G  [     0     67    136      0      0      0 ]
T  [    34      0      0     17      0    137 ]
>MA0419.1	YAP7
A  [  7195    195      0  10172   1260      0   7781  10507     98   2246   6606 ]
C  [  2582      0      0     98   1168     97   2526      0      0   7759   1126 ]
G  [   195      0   2132     97   8333      0    198      0   6311    509   2313 ]
T  [   869  10410   8375    172      0  10436      0      0   4323    394   1229 ]
>MA0421.1	NSI1
A  [   174      0      0   1832      0      0    118      0     49    779 ]
C  [     0      0    103      0   1832   1832   1739      0      0    841 ]
G  [   274     40      0      0      0      0      0   1832   1784    117 ]
T  [  1457   1817   1784      0      0      0      0      0      0    291 ]
>MA0426.1	YHP1
A  [     0    203    203      0      0      0 ]
C  [     0      0      0      0      0      0 ]
G  [     0      0      0      0      0    203 ]
T  [   203      0      0    203    203      0 ]
>MA0429.1	YLL054C
A  [     0      0      0     21      9     13     56 ]
C  [   100      0      0     64     66      5     14 ]
G  [     0    100    100     14     16     77      7 ]
T  [     0      0      0      0      9      5     21 ]
>MA0432.1	YNR063W
A  [     8      0      0      0    100     10     90     33 ]
C  [     8    100      0      0      0      0      0      3 ]
G  [    18      0    100    100      0     80      0      3 ]
T  [    68      0      0      0      0     10     10     63 ]
>MA0437.1	YPR196W
A  [    61     32     17     24     17     12      0      0      3 ]
C  [     0      0      0      4     44     32     93    100      0 ]
G  [    26      0      0      2     11      7      7      0     93 ]
T  [    13     68     83     69     28     49      0      0      5 ]
>MA0440.1	ZAP1
A  [   169      0      0      0      0    107    169    119      0      0      0     21    119      9     46 ]
C  [     0    279    279     97      0     77      0     17      0      0      0     97      0     17      0 ]
G  [     0      0      0      0      0     17      0     57    279    279      0     37     57      0    198 ]
T  [     0      0      0    107    169      0      0      0      0      0    169     58      9    145      0 ]
>MA0328.2	MATALPHA2
A  [     0    455      0     26      0    910    639    394 ]
C  [   815      0     62      0      0      0     72     28 ]
G  [     0    535      0    973      0      9     41      0 ]
T  [   184     10    938      0   1000     80    247    577 ]
>MA1434.1	NCU02182
A  [   469    999     27      0      0    972     12 ]
C  [     0      0    972    999    999     27    371 ]
G  [     0      0      0      0      0      0    269 ]
T  [   530      0      0      0      0      0    346 ]
>MA0329.2	MBP1
A  [    55      0     15      0      0 ]
C  [    10    100      0     88      2 ]
G  [    18      0     85      0     98 ]
T  [    17      0      0     12      0 ]
>MA0333.2	MET31
A  [     0      0      0      0      0     10 ]
C  [     0      0      0      0    100      0 ]
G  [   100      0    100    100      0     69 ]
T  [     0    100      0      0      0     20 ]
>MA0334.2	MET32
A  [    11      0      0     93      0     64 ]
C  [     5     99    100      3     99     15 ]
G  [    77      0      0      0      0     12 ]
T  [     7      0      0      3      1      9 ]
>MA0336.2	MGA1
A  [   787    192    701      5    990    990     12    844     68 ]
C  [     3    110    197      2      2      2    815     39    505 ]
G  [   198    166     98    989      3      2     15     82     70 ]
T  [    11    531      2      2      2      5    156     32    355 ]
>MA0337.2	MIG1
A  [     1      0      0      0     46      5 ]
C  [    97    100    100    100      3     57 ]
G  [     1      0      0      0     50     30 ]
T  [     1      0      0      0      1      7 ]
>MA0338.2	MIG2
A  [     1      0      0      0     36      5 ]
C  [    96    100    100    100     11     77 ]
G  [     2      0      0      0     52     13 ]
T  [     1      0      0      0      1      6 ]
>MA0339.2	MIG3
A  [     1      0      0      0     41      5 ]
C  [    98     94    100    100      2     69 ]
G  [     1      0      0      0     55     17 ]
T  [     1      6      0      0      1      9 ]
>MA1433.2	msn-1
A  [     5      0      0      5     22    246    547 ]
C  [   971    933    988    884     16      0     42 ]
G  [     5      0      0      0     11    447    147 ]
T  [    17     65     11    109    950    305    263 ]
>MA0929.2	NCU00019
A  [   150    111    803    999    898     26    923 ]
C  [    55      0    101      0      0    521     26 ]
G  [   741      0      0      0      0     26     26 ]
T  [    55    889     96      0    101    428     26 ]
>MA0343.2	NDT80
A  [   188    444     12    940     18    965    970    945    713 ]
C  [    20    483    948      7    967      4      5      3     24 ]
G  [   675     41      4     45      6      9     15     14    236 ]
T  [   116     30     34      6      6     20      8     37     24 ]
>MA1435.2	nit-4
A  [    11      0      0      0      0      0      0 ]
C  [    70    999    884    115    999      0      0 ]
G  [    11      0      0    884      0    999    999 ]
T  [   906      0    115      0      0      0      0 ]
>MA0347.3	NRG1
A  [    27     45      0      0      0      7      0      0 ]
C  [    17      2      0      0      0      4     43     43 ]
G  [     1      1     48     48     48      1      1      2 ]
T  [     3      0      0      0      0     36      4      3 ]
>MA1436.2	nuc-1
A  [   250      0    934      0      0      0      0 ]
C  [   549    998     64    999      0      0      0 ]
G  [    50      0      0      0    999      0    999 ]
T  [   150      0      0      0      0    999      0 ]
>MA0348.2	OAF1
A  [     0      0      0     56      7     68     14     56 ]
C  [   100      0      0      0      0      4      7     14 ]
G  [     0    100    100     43     86      4      7     14 ]
T  [     0      0      0      0      7     25     71     14 ]
>MA0349.2	OPI1
A  [     0    166    169      0      0 ]
C  [     0      2      0    268    273 ]
G  [   279      0      0      0      0 ]
T  [     0      0      0      0      0 ]
>MA0352.3	PDR1
A  [    18      2      1      7     72      0      2      1    132    105 ]
C  [    16      9    140    130      1    132      1      1      1      8 ]
G  [     6      0      0      3     70      0    138    142      7     19 ]
T  [   104    133      3      4      1     12      3      0      4     12 ]
>MA0354.2	PDR8
A  [     0      0      0    100      8    100     13 ]
C  [   100      0      0      0      8      0      6 ]
G  [     0    100    100      0     85      0      6 ]
T  [     0      0      0      0      0      0     75 ]
>MA0355.2	PHD1
A  [     9     37      0      0      0     91 ]
C  [    43     44     10      0     99      1 ]
G  [    39     15      0     99      0      7 ]
T  [     8      3     89      0      1      1 ]
>MA0358.2	PUT3
A  [     9      2      0      0      0      0 ]
C  [    72     90    100      0      0      0 ]
G  [     9      2      0    100    100    100 ]
T  [     9      6      0      0      0      0 ]
>MA0359.3	RAP1
A  [   200      3      4     13    214      9      6      0     48      1      3     27 ]
C  [    10      4      5     27     36     54      0      0      5      5     18     48 ]
G  [   105     39    317      4     51      0    327    318    281      2    264     24 ]
T  [    21    290     10    292     35    273      3     18      2    328     51    237 ]
>MA0360.2	RDR1
A  [    25      0      0      0      0    100     86 ]
C  [    11      0    100      0      0      0      0 ]
G  [    11    100      0    100    100      0      0 ]
T  [    54      0      0      0      0      0     14 ]
>MA0361.2	RDS1
A  [     1      0      0      0      0      0 ]
C  [    91     11      0     84     95     11 ]
G  [     1     89    100     16      5     89 ]
T  [     7      0      0      0      0      0 ]
>MA0362.2	RDS2
A  [     0      0      0      0     12     17 ]
C  [     0    100      0      0      1      7 ]
G  [     0      0    100    100     86     70 ]
T  [   100      0      0      0      1      7 ]
>MA0363.3	REB1
A  [   281      8     28    679      2      4      3     11    104 ]
C  [    79     20     28      1    684    681    681      5    133 ]
G  [   281      5      7      3      2      5      3    578    377 ]
T  [    50    658    628      8      3      1      4     97     77 ]
>MA0365.2	RFX1
A  [     0      0      0     31      0      2     88 ]
C  [     0      0      0      0    100     48      4 ]
G  [   100      0      0     69      0      2      4 ]
T  [     0    100    100      0      0     48      4 ]
>MA0367.2	RGT1
A  [    37     22     27     30      0      0      0      4 ]
C  [     0      2     15     18     12    100    100      0 ]
G  [     0      0     17      4      0      0      0     89 ]
T  [    63     77     41     48     88      0      0      8 ]
>MA0369.2	RLM1
A  [    11      0      0      0     42     16     22     23     32      0     42      0     27      4 ]
C  [     0      0     42      0      0      0      0      0      0      0      0      0     14     15 ]
G  [     1      5      0      0      0      0      0      0      0      0      0     42      0      2 ]
T  [    30     37      0     42      0     26     20     19     10     42      0      0      1     20 ]
>MA0372.2	RPH1
A  [     0      0      0      0      0     63     74 ]
C  [   100    100    100    100      0      1      7 ]
G  [     0      0      0      0      0      7      7 ]
T  [     0      0      0      0    100     28     13 ]
>MA0374.2	RSC3
A  [     0      0      0      0      6 ]
C  [    91      0     99      0     55 ]
G  [     5     99      0     99     18 ]
T  [     4      0      0      0     20 ]
>MA0375.2	RSC30
A  [    15      0      0      0      0      0      0 ]
C  [    38     92      8     92      0     85     31 ]
G  [    46      8     92      8    100     15     69 ]
T  [     0      0      0      0      0      0      0 ]
>MA1431.2	rst2
A  [    22      7      0      6    208     56 ]
C  [   937    880    996    990     40    896 ]
G  [    13      4      2      0    529      2 ]
T  [    26    108      1      2    221     44 ]
>MA0376.2	RTG3
A  [    34     19    905      5     28      7      7    275 ]
C  [    27    953      5    949     16     81     19    662 ]
G  [   662     19     81     16    949      5    953     27 ]
T  [   275      7      7     28      5    905     19     34 ]
>MA0377.2	SFL1
A  [   727    127    506     18    956    959     22    616    596    535 ]
C  [    30    178    261     10     16      9     47    129    134    221 ]
G  [   124    108    226    960      5     21    806    218     36     48 ]
T  [   118    586      6     10     21      9    123     36    232    194 ]
>MA0378.2	SFP1
A  [   533    782    898    904    855    541     86     35     18     73 ]
C  [    42     73     36      9     14     34     42     50     46     71 ]
G  [   342     71     46     50     42     16     14      9     36     73 ]
T  [    82     73     18     35     86    408    855    904    898    782 ]
>MA0380.2	SIP4
A  [     0      0      0      0     23     57 ]
C  [    27     99    100      0      0     16 ]
G  [     0      0      0    100     63     25 ]
T  [    73      1      0      0     14      0 ]
>MA0381.2	SKN7
A  [     0      0      0      0     49 ]
C  [     0      0    100     84     15 ]
G  [   100    100      0     16     37 ]
T  [     0      0      0      0      0 ]
>MA0382.3	SKO1
A  [   244      3      3    264      0      2      9    186    186     47 ]
C  [     6      3      0      1    256      0      8     67      8     20 ]
G  [    12      0    209      2      0    263      2      5     24     40 ]
T  [     5    261     55      0     11      2    248      9     49    160 ]
>MA0384.2	SNT2
A  [     0      0   1405      0   3120      7      0      0      8    168 ]
C  [    89      0    269      0      0      0   3136      0   3072   2969 ]
G  [   313   3136   1721      0     35   3130      0   3136     75      0 ]
T  [  2817      0      0   3136      0      0      0      0      0      0 ]
>MA0385.2	SOK2
A  [    41      4      4      4     97      5 ]
C  [    47      1      1     91      1      5 ]
G  [     9      4     94      1      1     50 ]
T  [     3     91      1      4      1     40 ]
>MA0386.2	SPT15
A  [   115    287    332    907     12    981     38    970     44    883    186 ]
C  [    98    198    110      7      7      2      1      2      4     10     62 ]
G  [   701    266     27     25     23      4      5      6      3     24     94 ]
T  [    84    247    529     59    955     12    954     20    947     81    657 ]
>MA0389.2	SRD1
A  [    66      6     97     13      0      4 ]
C  [     9      2      0      0     99     19 ]
G  [    19     90      0      2      0      3 ]
T  [     6      2      3     85      0     74 ]
>MA0390.2	STB3
A  [   776    499     99     53     10     13      0      3    965    150    129 ]
C  [    35     27     11      5      4      0     64    990      7    587    120 ]
G  [    71     33      2      1      2     15     20      2     25     84    137 ]
T  [   116    440    886    939    982    970    915      4      2    177    613 ]
>MA0395.2	STP2
A  [   238    113     34      2      0      1      8     14    618 ]
C  [   111     11    647      5    849    866     13    520     12 ]
G  [   567    829      5    987    148    128    948      4    338 ]
T  [    81     45    312      4      1      3     29    460     30 ]
>MA0396.2	STP3
A  [     0    100      0      0      0      0 ]
C  [     0      0      0    100      0     64 ]
G  [     0      0    100      0    100     18 ]
T  [   100      0      0      0      0     18 ]
>MA0397.2	STP4
A  [     0    100      0      0      0      0 ]
C  [     0      0      0    100      0     73 ]
G  [     0      0    100      0    100     17 ]
T  [   100      0      0      0      0     10 ]
>MA0398.2	SUM1
A  [    52     62    100      0      8     24     28     15 ]
C  [     8      2      0      0      0      0      5     15 ]
G  [     8      2      0      0      0      0      5     11 ]
T  [    32     34      0    100     92     76     61     59 ]
>MA0400.2	SUT2
A  [   522    940    971      0      1      2      1      2    789    523 ]
C  [    85      6      0    709     16    992    984      1     16     80 ]
G  [   287     12     11    287      0      1     12    993    168    257 ]
T  [   104     40     16      2    981      2      1      2     24    137 ]
>MA0402.2	SWI5
A  [     8      0      0      0      0      0      4 ]
C  [     8      0    100      0      0      0      4 ]
G  [    23    100      0      0    100    100     27 ]
T  [    62      0      0    100      0      0     65 ]
>MA0403.3	TBF1
A  [   131    145     11      1      0      0    139    110 ]
C  [     6      1    149    155    159      0      4     16 ]
G  [    10     12      0      1      1      1     16     17 ]
T  [    13      2      0      3      0    159      1     17 ]
>MA0431.2	TDA9
A  [     0      0      0      0     30      0     44 ]
C  [   100    100    100    100      0    100     16 ]
G  [     0      0      0      0     36      0      3 ]
T  [     0      0      0      0     34      0     38 ]
>MA0406.2	TEC1
A  [    52      0    100      5      0      0      0 ]
C  [     7     95      0      0      0     91     68 ]
G  [    34      5      0      0      0      9      0 ]
T  [     7      0      0     95    100      0     32 ]
>MA0350.2	TOD6
A  [   649     67     20      2      2    975      1      0     52    135 ]
C  [    50    396    784     29    991      0      1    978     19    655 ]
G  [    96    436    193     46      2      1     18      1    869    186 ]
T  [   203     98      1    921      3     21    978     18     57     22 ]
>MA0265.3	ABF1
A  [    69      5      4      5    188     87    228    155    291    126      4      1    419      3 ]
C  [    72    421      0      0     66     91     38     48     48      1     41      2      3    169 ]
G  [    10      1    418      3     95     65     72     64     54    297      6    420      1     15 ]
T  [   276      0      5    419     78    184     89    160     34      3    376      4      4    240 ]
>MA0408.2	TOS8
A  [     1      0      0      0    100     64 ]
C  [    16      0      0    100      0      7 ]
G  [     1    100      0      0      0      7 ]
T  [    82      0    100      0      0     22 ]
>MA0410.2	UGA3
A  [     4      0      0      0      0      2     85 ]
C  [    28      0    100      0      0     27      2 ]
G  [    63    100      0    100    100     69      2 ]
T  [     4      0      0      0      0      2     10 ]
>MA0412.3	UME6
A  [   101     64      2    194     10      0      0      3      0      2     32    160 ]
C  [    17      9      8      1      9    216    218      0    217    185     82     16 ]
G  [    25     13      6      3    198      1      0    215      1     12     97     22 ]
T  [    75    132    202     20      1      1      0      0      0     19      7     20 ]
>MA0411.2	UPC2
A  [    59     38    100      0      1     83 ]
C  [     3      0      0    100      0      5 ]
G  [    28      0      0      0     99      9 ]
T  [     9     62      0      0      0      4 ]
>MA0422.2	URC2
A  [     0      0      0     74     23     56     14     94 ]
C  [   100      0      0      9     17      0      0      6 ]
G  [     0    100    100     17     46      0      0      0 ]
T  [     0      0      0      0     14     43     85      0 ]
>MA0413.2	USV1
A  [   133    318      1      0      3      1      0      0    956    850 ]
C  [    55    551    967    977    993    981      6      2      0     92 ]
G  [   157    101     26      0      1      0      3    869     36     21 ]
T  [   652     28      3     20      1     16    989    126      5     35 ]
>MA1437.2	wc-1
A  [   200      0    999      0      0      0    624 ]
C  [   799      0      0      0    999      0    208 ]
G  [     0    999      0      0      0    805     83 ]
T  [     0      0      0    999      0    193     83 ]
>MA0414.2	XBP1
A  [    12      0      0      0    100     40 ]
C  [    51      0    100      0      0      8 ]
G  [     7      0      0    100      0     50 ]
T  [    31    100      0      0      0      3 ]
>MA0415.2	YAP1
A  [   397      5      8    976      1     60     10    971    981     35 ]
C  [   528      3     13      3    900     36      9      6      8     28 ]
G  [    50      8      6      9     36    900      3     13      3    516 ]
T  [    23    981    971     10     60      1    976      8      5    418 ]
>MA0416.2	YAP3
A  [    65      0      0    100      0      0      2 ]
C  [    19      0      0      0    100      0      2 ]
G  [    12      0      0      0      0    100      2 ]
T  [     4    100    100      0      0      0     94 ]
>MA0418.2	YAP6
A  [    43    491     27     25    889     38    172     67    647    829 ]
C  [   114    412     23     21     32    555     48     85    193     62 ]
G  [   646     36     56    112     49    103    722     37     64     72 ]
T  [   195     58    892    840     28    302     56    809     95     34 ]
>MA0423.2	YER130C
A  [     0      0      0      0      0     60     21 ]
C  [    97     91    100    100      0      0      0 ]
G  [     1      0      0      0      0      8      4 ]
T  [     2      9      0      0    100     32     75 ]
>MA0424.2	YER184C
A  [     2      0      0      0      0     69 ]
C  [    17     77    100      0      0     31 ]
G  [    10     15      0    100    100      0 ]
T  [    71      8      0      0      0      0 ]
>MA0425.2	YGR067C
A  [     0      0      0      1     41      0 ]
C  [   100     99    100     99      0     98 ]
G  [     0      0      0      0     31      1 ]
T  [     0      1      0      0     28      1 ]
>MA0428.2	YKL222C
A  [    69      0      0      0     92     52     65     10 ]
C  [    10    100      0      0      0      2      6     10 ]
G  [    19      0    100    100      8     44      6     10 ]
T  [     2      0      0      0      0      2     23     69 ]
>MA0430.2	YLR278C
A  [     0      0      0     96      4     23     27 ]
C  [   100      0      0      0     14      2      5 ]
G  [     0    100    100      4     82      5      5 ]
T  [     0      0      0      0      0     70     63 ]
>MA0433.2	YOX1
A  [     1      0    100    100      0      0     62 ]
C  [    25      0      0      0      0      0      3 ]
G  [     7      0      0      0      0      0     15 ]
T  [    66    100      0      0    100    100     21 ]
>MA0434.2	YPR013C
A  [     0      9     63     40    100      0      0 ]
C  [     0     26     26      0      0      0    100 ]
G  [   100      0      0     60      0      0      0 ]
T  [     0     65     11      0      0    100      0 ]
>MA0435.2	YPR015C
A  [   552     16      4      2    983    884    986      5      4    326     86 ]
C  [   169    747      4     16      7      1      2      2    983    575    221 ]
G  [   240     17    988      3      3    109      4      2      1     55     77 ]
T  [    37    218      2    978      5      4      6    989      9     43    613 ]
>MA0436.2	YPR022C
A  [    15      0      0      0    100      0 ]
C  [    66    100    100    100      0    100 ]
G  [     0      0      0      0      0      0 ]
T  [    20      0      0      0      0      0 ]
>MA0438.2	YRM1
A  [     2      0      0    100     60     93     12 ]
C  [    94      0      0      0     12      1      8 ]
G  [     2    100    100      0     16      1      4 ]
T  [     2      0      0      0     12      5     76 ]
>MA0439.2	YRR1
A  [    16     22     89     19     28      4      0      0      3      6 ]
C  [    16      8      1      9     33     22    100    100      0     41 ]
G  [    10      4      2      4      8      7      0      0     95     14 ]
T  [    57     66      8     68     32     68      0      0      2     39 ]
>MA0441.2	ZMS1
A  [     0      0      0      0     19      5     50 ]
C  [   100    100    100    100      4     85     10 ]
G  [     0      0      0      0     54      5     10 ]
T  [     0      0      0      0     24      5     30 ]
>MA0266.2	ABF2
A  [     9      0      0    100      0     95 ]
C  [     9    100      0      0      0      2 ]
G  [     2      0      0      0    100      2 ]
T  [    80      0    100      0      0      2 ]
>MA0272.2	ARG81
A  [     6     20    169      0      1      0     59 ]
C  [     0      0      0    271      0    279     59 ]
G  [     4    239      0      0      0      0      4 ]
T  [   154      0      0      1    164      0     64 ]
>MA0273.2	ARO80
A  [    40      5      5      1      1     15    670    690 ]
C  [   744    231    987     22      5    359      4     68 ]
G  [    30      8      1    975    990    295      6     60 ]
T  [   185    753      5      1      2    329    318    181 ]
>MA0267.2	ACE2
A  [     1      0     90      0      0 ]
C  [    92    100     10      0    100 ]
G  [     6      0      0    100      0 ]
T  [     1      0      0      0      0 ]
>MA0278.2	BAS1
A  [   455    248     98     52    348     12    966     26      9     47    892    487 ]
C  [    51     34    724    918    346      3      5      6     10    930     42    123 ]
G  [   370    670    143      7    280    977     23    962      4      7     16    320 ]
T  [   122     46     33     20     24      6      4      4    975     15     49     68 ]
>MA0279.3	CAD1
A  [    12      5     26      1      1     85      6     10     82     85      5 ]
C  [    14      5     58      1      0      0     64      0      3      0      1 ]
G  [    11     68      3      0     18      1     11      3      0      1     14 ]
T  [    50      9      0     85     68      1      6     74      2      1     67 ]
>MA0280.2	CAT8
A  [     0      0      0      0     66 ]
C  [   100    100      0      0     13 ]
G  [     0      0    100    100     21 ]
T  [     0      0      0      0      0 ]
>MA0281.3	CBF1
A  [   137     12      1    253      1      7      0      0    215     17 ]
C  [    14     20    254      0    243      0      0      1     24    146 ]
G  [    73     55      1      2      2    249      0    255     11      9 ]
T  [    32    169      0      1     10      0    256      0      6     84 ]
>MA0282.2	CEP3
A  [     4      0      0      0      0     91     92 ]
C  [    56      0    100      0      0      1      3 ]
G  [     4      0      0    100    100      1      3 ]
T  [    36    100      0      0      0      7      3 ]
>MA0284.3	CIN5
A  [   240      3      3    334      4    223      1    321    329     25 ]
C  [    46      5      2      1    273     17      1     19      3     18 ]
G  [    25      5     13      3     10     88      1      3      1     58 ]
T  [    34    332    327      7     58     17    342      2     12    244 ]
>MA1432.2	cre-1
A  [     8      0     65      0    499 ]
C  [   985    758    872    999      0 ]
G  [     0      0     39      0    489 ]
T  [     5    240     23      0     11 ]
>MA0285.2	CRZ1
A  [    63      0      0      0     42      7 ]
C  [    36      0    100     99     30     76 ]
G  [     1    100      0      0      7      8 ]
T  [     1      0      0      0     21      8 ]
>MA0286.2	CST6
A  [     1      1    100      0      5      0 ]
C  [     1      1      0    100      0      0 ]
G  [     1     91      0      0     95      0 ]
T  [    96      7      0      0      0    100 ]
>MA0351.2	DOT6
A  [   516     79     29      6      1    972      1      0     36    223 ]
C  [    59    420    770     52    990      0      0    968      9    575 ]
G  [   138    392    197     83      4      1     27      1    876    177 ]
T  [   285    107      3    858      2     25    969     28     78     22 ]
>MA0292.2	ECM22
A  [    14      0      0      0      0     93 ]
C  [     7    100    100     14      0      0 ]
G  [     7      0      0     86     86      7 ]
T  [    71      0      0      0     14      0 ]
>MA0293.2	ECM23
A  [    72     10    100      3      1 ]
C  [    11      2      0      0     90 ]
G  [    10     86      0      0      3 ]
T  [     7      2      0     97      7 ]
>MA0294.2	EDS1
A  [     0      0    100     76     48    100     82 ]
C  [     0      0      0      0     24      0      1 ]
G  [   100    100      0      0     10      0      1 ]
T  [     0      0      0     24     19      0     15 ]
>MA0420.2	ERT1
A  [     6      0      0      0    100    100      4 ]
C  [    47    100      0      0      0      0     63 ]
G  [     6      0    100    100      0      0      4 ]
T  [    41      0      0      0      0      0     28 ]
>MA0295.2	FHL1
A  [     0    100      0      0      0     90 ]
C  [    10      0    100      0    100      0 ]
G  [    90      0      0    100      0      0 ]
T  [     0      0      0      0      0     10 ]
>MA0296.2	FKH1
A  [   520    526    365    119    146      7    959    977    990      1    990    874    671 ]
C  [    84     76     73    146      4      3     37     11      1    925      1     39     49 ]
G  [    98    129    150    133    847      0      0      1      2      1      3     16     70 ]
T  [   297    267    411    600      1    987      1      9      5     71      4     69    208 ]
>MA0268.2	ADR1
A  [     0      0      0      0     64     34 ]
C  [   100     85    100    100      6     51 ]
G  [     0      0      0      0     20      6 ]
T  [     0     15      0      0     10      9 ]
>MA0300.2	GAT1
A  [     0    100      0    100    100      3 ]
C  [     0      0      0      0      0      9 ]
G  [   100      0      0      0      0     84 ]
T  [     0      0    100      0      0      3 ]
>MA0301.2	GAT3
A  [    65      8     92     12      3      6 ]
C  [     9      2      0      0     94     27 ]
G  [    20     88      0      1      1      4 ]
T  [     6      1      8     87      2     63 ]
>MA0302.2	GAT4
A  [    80      3     98      0      0      5 ]
C  [     4      0      0      0     99     28 ]
G  [    12     96      0      0      0      3 ]
T  [     4      0      2     99      0     64 ]
>MA0303.3	GCN4
A  [     0      1     87      0      1      7     82      6 ]
C  [     0      0      0     62      0     78      3     20 ]
G  [     0     84      2     28      2      5      2     13 ]
T  [    90      5      1      0     87      0      3     51 ]
>MA0305.2	GCR2
A  [    33      0     11      0      0      0 ]
C  [    33    279      0      0    260    269 ]
G  [   149      0      1      0      0      1 ]
T  [    16      0    152    169      8      0 ]
>MA0306.2	GIS1
A  [     0      0      0      0      0     49 ]
C  [    97    100    100     87      0      4 ]
G  [     0      0      0      0      0     15 ]
T  [     3      0      0     13    100     32 ]
>MA0308.2	GSM1
A  [   566    849    400      3      4      3      0      0    136    708 ]
C  [    22      9    164    916    177    985    972     30      4     60 ]
G  [    17     20    182     10     38      1     25    967    849    197 ]
T  [   393    120    252     69    778      9      0      1      9     32 ]
>MA0309.2	GZF3
A  [    18      0    100      0    100     73      4 ]
C  [    39      0      0      0      0      9     38 ]
G  [     2    100      0      0      0      0     59 ]
T  [    41      0      0    100      0     18      0 ]
>MA0269.2	AFT1
A  [   136    716    145     34    160     10    961      8     25     19 ]
C  [    78     25     31     47     10    966      9    972    955    740 ]
G  [   142     31    288     39    812     11     15      9      2     13 ]
T  [   641    226    535    878     16     10     14     10     16    225 ]
>MA0310.2	HAC1
A  [    24     68      0    100      0      0      0 ]
C  [     6     32    100      0    100      0      0 ]
G  [    56      0      0      0      0    100      0 ]
T  [    15      0      0      0      0      0    100 ]
>MA0312.3	HAP1
A  [     1      0      0     56      0     56     27     31 ]
C  [    55     56      0      0      0      0      7      9 ]
G  [     0      0     56      0      0      0      4      6 ]
T  [     0      0      0      0     56      0     18     10 ]
>MA0314.3	HAP3
A  [     4      2    111      0      0      0      0      6      5 ]
C  [    17     20      1      0      2      1      0     67     42 ]
G  [     0     84      0      0      0    114    115      4     18 ]
T  [    94      9      3    115    113      0      0     38     50 ]
>MA0316.2	HAP5
A  [   200    113    826   1817    127     98      0    537   4156      0      0    387    361      0 ]
C  [  1914   1513   1137   1451    637   3199    700   1308      0      0      0      0    497   1730 ]
G  [  2108   2485   2155    440   1273    677      0   1904      0      0    234   3788   3123      0 ]
T  [    97    433    453   1002   2389    624   3713    793      0   4156   3922      0    262   2808 ]
>MA0317.2	HCM1
A  [    27     67     95    100      1     95     57 ]
C  [     8     32      5      0     86      2     17 ]
G  [     4      1      0      0      0      2     11 ]
T  [    61      1      0      0     13      2     14 ]
>MA0270.2	AFT2
A  [    70      0    100      0      0      0 ]
C  [     0    100      0    100    100    100 ]
G  [    30      0      0      0      0      0 ]
T  [     0      0      0      0      0      0 ]
>MA0319.2	HSF1
A  [    69      2     19      0    100    100      6 ]
C  [    13      2      0      0      0      0     56 ]
G  [    13      2     81    100      0      0     19 ]
T  [     6     95      0      0      0      0     19 ]
>MA0325.2	LYS14
A  [     4      0      0    100    100      6     13 ]
C  [    82      0      0      0      0      0     13 ]
G  [    10    100    100      0      0      0      7 ]
T  [     4      0      0      0      0     94     68 ]
>MA2693.1	prz1
A  [     2      0      9      9      0      0      0      6      0 ]
C  [    11      0      0      4      0     13     13      1     13 ]
G  [     0      0      4      0     13      0      0      2      0 ]
T  [     0     13      0      0      0      0      0      4      0 ]
>MA2694.1	sak1
A  [     1      0      0      0      0      2      0     21      1      3     10      1     21     23 ]
C  [     7      0      0      0      0     11     15      2      3      1      1     19      0      0 ]
G  [    15     23      0      0     22      0      0      0      2     19     12      0      2      0 ]
T  [     0      0     23     23      1     10      8      0     17      0      0      3      0      0 ]
>MA2695.1	ste11
A  [     5      5      0      6      6      6      0      5      4      6      0      1      5 ]
C  [     0      0      6      0      0      0      0      0      0      0      3      3      1 ]
G  [     0      0      0      0      0      0      6      1      1      0      1      1      0 ]
T  [     1      1      0      0      0      0      0      0      1      0      2      1      0 ]
>MA2696.1	toe1
A  [     0      0      0      0      0      0      6      7      7      3      0      0      0      2      7 ]
C  [    16     16      0     16      0      1      5      0      4      0      1     15     15      0      5 ]
G  [     0      0     16      0     16     15      2      0      2      3      4      1      1     14      4 ]
T  [     0      0      0      0      0      0      3      9      3     10     11      0      0      0      0 ]
>MA2697.1	zas1
A  [    21     24      0      0      0      0      0      0 ]
C  [     4      0      0      0      0      0      0      0 ]
G  [     5     14      0     38     28     38     38     38 ]
T  [     8      0     38      0     10      0      0      0 ]
>MA2698.1	fep1
A  [     5      0     23      0      0     14      0     23      0      0     14      8 ]
C  [     0      0      0      0     23      0      0      0      0     10      0      0 ]
G  [     0      0      0      0      0      0     23      0      0     10      5      8 ]
T  [    18     23      0     23      0      9      0      0     23      3      4      7 ]
>MA2699.1	loz1
A  [     6      3      0      7      0      0      0      4      0      1      5      0 ]
C  [     0      0      1      0      1      7      0      3      7      0      1      1 ]
G  [     0      4      6      0      0      0      7      0      0      6      0      4 ]
T  [     1      0      0      0      6      0      0      0      0      0      1      2 ]
>MA2700.1	pcr1
A  [     9      1      0     16      0      0      0      4     14      1 ]
C  [     3      1      0      0     16      0      0     12      0      3 ]
G  [     3      0     12      0      0     16      0      0      1      3 ]
T  [     1     14      4      0      0      0     16      0      1      9 ]
>MA2701.1	FZF1
A  [     2      0    174      3      4    162     96 ]
C  [   178      2      7      1    176      4     28 ]
G  [     2      4      1      1      1      5     16 ]
T  [     0    176      0    177      1     11     42 ]
>MA2702.1	PIP2
A  [     7      4      3      3      3      0      1      0     51     35     38     12     48     38     32 ]
C  [    11      6     44     47      3     46      1      2      2      1      5      3      3      6      6 ]
G  [     3      2      4      4     49      2     53     52      2     12      5      2      0      7     11 ]
T  [    34     43      4      1      0      7      0      1      0      7      7     38      4      4      6 ]
>MA2703.1	PPR1
A  [    36     11      5      7    148     89     70     67     39     27      4      9     10    154 ]
C  [    24    210      4      7     33     50     46     53     60     29    219    218      7     23 ]
G  [    23      6    219    219     29     59     54     46     49     33      7      5    209     24 ]
T  [   154     10      9      4     27     39     67     71     89    148      7      5     11     36 ]
>MA2704.1	RTG1
A  [   142    173      4      7    180      0    143 ]
C  [     9      5      5     12      0    180     15 ]
G  [     4      8      3    167      2      6     12 ]
T  [    35      4    178      4      8      4     20 ]
>MA2705.1	SDD4
A  [    24      9     12      2    338      1     44 ]
C  [   296    335    340    357      8    353     53 ]
G  [    14      1      6      2     14      1    230 ]
T  [    28     17      4      1      2      7     35 ]
>MA2706.1	SMP1
A  [     8      7      7      2      2     53      6     11      7     18      5     61 ]
C  [    33      6      0     65      2      2      2      2      2      0      1      3 ]
G  [     4      3      7      0      0      0      0      1      1      0      1      4 ]
T  [    24     53     55      2     65     14     61     55     59     51     62      1 ]
>MA2707.1	ACA1
A  [     1      1     20      0      0      0      0     19 ]
C  [     5      2      0     20      0      0     20      0 ]
G  [     0     10      0      0     20      0      0      0 ]
T  [    14      7      0      0      0     20      0      1 ]
